3648.92 818.523 26.09 0.0349469 -0.0142832 -0.323939 0.945325 0 0
3649.49 818.091 26.09 0.034481 -0.0145249 -0.32913 0.943543 0 1.5
3650.06 817.646 26.1 0.0344036 -0.0147214 -0.332254 0.942447 0 1.5
3650.64 817.203 26.1 0.0348963 -0.0151468 -0.3338 0.941876 0 1.5
3651.21 816.761 26.11 0.0352938 -0.0155866 -0.334276 0.941685 0 1.5
3651.79 816.313 26.11 0.0354928 -0.0155504 -0.333948 0.941795 0 1.5
3652.35 815.872 26.12 0.0358565 -0.0158354 -0.333277 0.942014 0 1.5
3652.92 815.428 26.12 0.0354777 -0.0158649 -0.332782 0.942203 0 1.5
3653.49 814.993 26.12 0.0355669 -0.0158784 -0.33237 0.942345 0 1.5
3654.06 814.549 26.13 0.0355641 -0.0158846 -0.332534 0.942287 0 1.5
3654.63 814.111 26.13 0.0347627 -0.0155304 -0.333044 0.942142 0 1.5
3655.21 813.656 26.14 0.0341473 -0.0151692 -0.334048 0.941815 0 1.5
3655.78 813.219 26.14 0.0327527 -0.0138779 -0.335005 0.941545 0 1.5
3656.34 812.784 26.15 0.0294551 -0.0124713 -0.336293 0.941214 0 1.5
3656.91 812.348 26.15 0.0312131 -0.0137528 -0.338794 0.940242 0 1.5
3657.49 811.903 26.15 0.0298859 -0.0132969 -0.341931 0.939155 0 1.5
3658.06 811.462 26.15 0.0320633 -0.0144251 -0.345659 0.937701 0 1.5
3658.63 811.015 26.15 0.033189 -0.0153712 -0.349469 0.936234 0 1.5
3659.18 810.564 26.15 0.0327567 -0.0152543 -0.352826 0.934991 0 1.5
3659.73 810.11 26.16 0.033286 -0.0157947 -0.356478 0.933577 0 1.5
3660.28 809.649 26.17 0.0328996 -0.0162777 -0.360373 0.932086 0 1.5
3660.83 809.172 26.17 0.0319715 -0.0164569 -0.364356 0.930565 0 1.5
3661.38 808.693 26.18 0.0323734 -0.0170588 -0.368232 0.929014 0 1.5
3661.91 808.216 26.18 0.0319913 -0.0170392 -0.371397 0.927766 0 1.5
3662.44 807.723 26.19 0.033015 -0.0168051 -0.373915 0.926723 0 1.5
3662.97 807.24 26.2 0.0327285 -0.0167929 -0.376345 0.925749 0 1.5
3663.5 806.754 26.21 0.0338688 -0.0169796 -0.378599 0.924785 0 1.5
3664.02 806.258 26.21 0.0346666 -0.017314 -0.380846 0.923826 0 1.5
3664.55 805.765 26.22 0.035311 -0.0177893 -0.383326 0.922766 0 1.5
3665.06 805.272 26.22 0.0365977 -0.0183143 -0.385075 0.921977 0 1.5
3665.58 804.772 26.22 0.0368695 -0.0183411 -0.385235 0.921899 0 1.5
3666.1 804.264 26.22 0.0366882 -0.0185488 -0.385226 0.921906 0 1.5
3666.61 803.763 26.22 0.0369131 -0.0184616 -0.385391 0.92183 0 1.5
3667.13 803.251 26.23 0.0364946 -0.0181053 -0.385568 0.92178 0 1.5
3667.65 802.749 26.23 0.0365477 -0.0182067 -0.385241 0.921912 0 1.5
3668.16 802.254 26.23 0.0362721 -0.0179664 -0.384607 0.922192 0 1.5
3668.67 801.759 26.23 0.0352977 -0.0171377 -0.383676 0.922634 0 1.5
3669.18 801.27 26.24 0.0359691 -0.0175718 -0.382931 0.922909 0 1.5
3669.7 800.776 26.24 0.0382976 -0.0194696 -0.382602 0.922914 0 1.5
3670.22 800.276 26.25 0.0374933 -0.0189119 -0.381902 0.923248 0 1.5
3670.74 799.782 26.25 0.035065 -0.016807 -0.380623 0.923912 0 1.5
3671.26 799.291 26.26 0.0391284 -0.019768 -0.379841 0.924012 0 1.5
3671.78 798.805 26.26 0.0370979 -0.0180743 -0.377739 0.924992 0 1.5
3672.31 798.317 26.26 0.0371172 -0.0182877 -0.374169 0.926437 0 1.5
3672.84 797.83 26.25 0.0393353 -0.0198232 -0.370041 0.92797 0 1.5
3673.38 797.35 26.25 0.0406556 -0.0203592 -0.363024 0.93067 0 1.5
3673.93 796.871 26.26 0.0428779 -0.020795 -0.351656 0.934916 0 1.5
3674.49 796.396 26.27 0.043847 -0.021401 -0.337435 0.940083 0 1.5
3675.03 795.95 26.28 0.0430709 -0.0204858 -0.320328 0.946105 0 1.5
3675.61 795.51 26.29 0.0431832 -0.0202482 -0.301078 0.952406 0 1.5
3676.2 795.106 26.28 0.0413713 -0.0207141 -0.281597 0.958417 0 1.5
3676.8 794.713 26.3 0.0426845 -0.0199708 -0.259174 0.96468 0 1.5
3677.43 794.351 26.31 0.0414751 -0.0184891 -0.235052 0.970922 0 1.5
3678.06 794.016 26.32 0.0418765 -0.0172972 -0.209646 0.976727 0 1.5
3678.72 793.719 26.34 0.0426314 -0.0154562 -0.184039 0.981872 0 1.5
3679.38 793.464 26.35 0.0449506 -0.0154294 -0.159846 0.985997 0 1.5
3680.06 793.246 26.35 0.0397984 -0.0146772 -0.136948 0.98967 0 1.5
3680.76 793.06 26.36 0.0363385 -0.0136156 -0.117276 0.992341 0 1.5
3681.47 792.908 26.38 0.0389392 -0.0127163 -0.102709 0.993868 0 1.5
3682.18 792.782 26.39 0.0395871 -0.0122482 -0.093946 0.994715 0 1.5
3682.89 792.662 26.4 0.038132 -0.0123533 -0.0889974 0.995225 0 1.5
3683.6 792.549 26.41 0.0420424 -0.0128789 -0.0869394 0.995243 0 1.5
3684.31 792.434 26.41 0.0466285 -0.0146166 -0.0855076 0.995138 0 1.5
3685.01 792.331 26.42 0.041625 -0.016109 -0.0834056 0.995516 0 1.5
3685.72 792.224 26.43 0.0379759 -0.0164328 -0.0794351 0.995981 0 1.5
3686.43 792.129 26.44 0.0365091 -0.0188438 -0.0768338 0.996197 0 1.5
3687.15 792.03 26.45 0.0382913 -0.0204759 -0.0725582 0.996418 0 1.5
3687.86 791.942 26.46 0.0381161 -0.0214473 -0.0686891 0.996679 0 1.5
3688.57 791.853 26.48 0.0395726 -0.0219588 -0.0637622 0.996938 0 1.5
3689.28 791.784 26.49 0.0401527 -0.0234374 -0.0605495 0.997082 0 1.5
3689.99 791.718 26.52 0.042807 -0.0235933 -0.0583958 0.997096 0 1.5
3690.69 791.653 26.54 0.0434493 -0.0238784 -0.0561029 0.997193 0 1.5
3691.41 791.59 26.56 0.0415006 -0.0233598 -0.0547735 0.997362 0 1.5
3692.12 791.524 26.61 0.0414827 -0.0226045 -0.0535005 0.99745 0 1.5
3692.83 791.469 26.64 0.0381443 -0.0233478 -0.0525788 0.997615 0 1.5
3693.55 791.407 26.68 0.0362606 -0.0236775 -0.0500783 0.997806 0 1.5
3694.26 791.361 26.7 0.0390271 -0.0282146 -0.048517 0.997661 0 1.5
3694.97 791.307 26.71 0.0392564 -0.0333064 -0.0466335 0.997585 0 1.5
3695.69 791.249 26.74 0.0409545 -0.0334934 -0.0450036 0.997585 0 1.5
3696.4 791.201 26.77 0.0412139 -0.034739 -0.0431959 0.997612 0 1.5
3697.12 791.158 26.81 0.0436715 -0.03372 -0.0414215 0.997617 0 1.5
3697.83 791.094 26.85 0.0428185 -0.0307141 -0.0394974 0.997829 0 1.5
3698.55 791.045 26.89 0.0424769 -0.0270752 -0.0385409 0.997987 0 1.5
3699.26 791.024 26.94 0.0417918 -0.0230751 -0.0376032 0.998152 0 1.5
3699.97 790.994 27.01 0.0431825 -0.0168959 -0.0369813 0.99824 0 1.5
3700.68 790.968 27.1 0.0436051 -0.0104485 -0.0370908 0.998305 0 1.5
3701.4 790.934 27.15 0.0441329 -0.00568545 -0.0376493 0.9983 0 1.5
3702.11 790.897 27.2 0.0438411 -0.00187786 -0.0387788 0.998284 0 1.5
3702.82 790.854 27.21 0.0444622 -0.00161517 -0.0401869 0.998201 0 1.5
3703.53 790.807 27.2 0.0442619 -0.00224883 -0.040857 0.998182 0 1.5
3704.25 790.762 27.19 0.0443974 -0.00320639 -0.0406397 0.998182 0 1.5
3704.97 790.72 27.18 0.0433429 -0.00340625 -0.0401961 0.998245 0 1.5
3705.68 790.677 27.18 0.0428977 -0.00363882 -0.039925 0.998275 0 1.5
3706.39 790.637 27.18 0.0422796 -0.00380343 -0.0402682 0.998287 0 1.5
3707.1 790.595 27.18 0.0421876 -0.00390176 -0.0406133 0.998276 0 1.5
3707.82 790.558 27.18 0.0421037 -0.00381477 -0.0407045 0.998276 0 1.5
3708.53 790.555 27.19 0.0415046 -0.00344125 -0.0428157 0.998215 0 1.5
3709.24 790.513 27.19 0.0414304 -0.00308151 -0.0447505 0.998134 10 1.5
3708.53 790.585 27.18 0.0413928 -0.00372297 -0.0496967 0.997899 0 1.5
3709.25 790.524 27.18 0.0414064 -0.00345449 -0.0495334 0.997908 0 1.5
3709.95 790.471 27.18 0.0422791 -0.00347558 -0.0490079 0.997897 0 1.5
3710.67 790.417 27.18 0.0419984 -0.00387618 -0.0484679 0.997934 0 1.5
3711.38 790.369 27.18 0.0425012 -0.00432214 -0.0480989 0.997929 0 1.5
3712.09 790.329 27.17 0.0426434 -0.00501232 -0.0477198 0.997937 0 1.5
3712.8 790.28 27.18 0.0428425 -0.00454784 -0.0468669 0.997972 0 1.5
3713.51 790.227 27.17 0.0414825 -0.00752071 -0.0463089 0.998037 0 1.5
3714.22 790.175 27.19 0.0421423 0.00100239 -0.0466666 0.998021 0 1.5
3714.93 790.142 27.22 0.0419558 0.00076023 -0.0463943 0.998041 10 1.5
3715.65 790.09 27.22 0.0404107 0.00139804 -0.0453688 0.998152 0 1.5
3716.37 790.034 27.22 0.0400882 0.00395444 -0.0452071 0.998165 0 1.5
3717.09 789.985 27.22 0.04081 0.00455399 -0.0447119 0.998156 0 1.5
3717.8 789.943 27.22 0.0411941 0.00543101 -0.0442262 0.998157 0 1.5
3718.51 789.905 27.21 0.0413517 0.00508569 -0.0439516 0.998165 0 1.5
3719.22 789.873 27.24 0.0420447 0.00697517 -0.0440341 0.998121 0 1.5
3719.93 789.832 27.17 0.0427336 0.000759765 -0.0435169 0.998138 0 1.5
3720.64 789.788 27.2 0.0433173 0.0021155 -0.0439257 0.998093 10 1.5
3721.35 789.752 27.14 0.0434509 -0.00478833 -0.0437135 0.998087 0 1.5
3722.07 789.714 27.13 0.0415321 -0.00885678 -0.0426746 0.998186 0 1.5
3722.78 789.663 27.12 0.0402203 -0.0089646 -0.0424177 0.99825 0 1.5
3723.5 789.609 27.12 0.0414104 -0.0117204 -0.0422917 0.998178 0 1.5
3724.21 789.558 27.11 0.0392364 -0.0137787 -0.0414444 0.998275 0 1.5
3724.94 789.503 27.12 0.0391198 -0.0145489 -0.0411527 0.998281 0 1.5
3725.66 789.459 27.12 0.0393411 -0.0155947 -0.0408452 0.998269 0 1.5
3726.38 789.419 27.12 0.0394547 -0.0172363 -0.0402523 0.998261 0 1.5
3727.1 789.377 27.13 0.0397716 -0.018111 -0.039949 0.998246 0 1.5
3727.83 789.335 27.17 0.0386175 -0.0165711 -0.0397689 0.998325 0 1.5
3728.54 789.294 27.19 0.0380973 -0.0167817 -0.0389832 0.998372 0 1.5
3729.26 789.26 27.22 0.03577 -0.015999 -0.0392227 0.998462 0 1.5
3729.97 789.217 27.23 0.034239 -0.0172418 -0.0390257 0.998503 0 1.5
3730.68 789.176 27.25 0.0340367 -0.0179321 -0.039004 0.998498 0 1.5
3731.4 789.135 27.27 0.034012 -0.0186232 -0.038805 0.998494 10 1.5
3732.11 789.09 27.3 0.033842 -0.0188512 -0.0380148 0.998526 0 1.5
3732.82 789.046 27.32 0.0329686 -0.0192279 -0.037232 0.998578 0 1.5
3733.53 789.011 27.34 0.0323654 -0.0193568 -0.0365407 0.99862 0 1.5
3734.26 788.974 27.37 0.0320773 -0.0179357 -0.0361583 0.99867 0 1.5
3734.99 788.936 27.4 0.032261 -0.0179252 -0.0356322 0.998683 0 1.5
3735.72 788.899 27.42 0.0328171 -0.0172323 -0.0352108 0.998692 0 1.5
3736.44 788.863 27.45 0.0318814 -0.0168304 -0.0346288 0.99875 0 1.5
3737.17 788.827 27.47 0.0327005 -0.0161404 -0.034029 0.998755 0 1.5
3737.9 788.792 27.5 0.032966 -0.0162221 -0.033586 0.99876 0 1.5
3738.61 788.76 27.52 0.032549 -0.0159261 -0.0329918 0.998799 0 1.5
3739.34 788.729 27.55 0.0327258 -0.016089 -0.0324601 0.998808 0 1.5
3740.07 788.692 27.56 0.0328884 -0.0166876 -0.0319136 0.99881 10 1.5
3740.82 788.66 27.59 0.033489 -0.0172967 -0.0312722 0.9988 0 1.5
3741.53 788.63 27.6 0.0338877 -0.0186901 -0.03078 0.998777 0 1.5
3742.24 788.595 27.62 0.0341181 -0.0198222 -0.0304737 0.998756 0 1.5
3742.98 788.566 27.64 0.0323582 -0.020292 -0.0304906 0.998805 0 1.5
3743.71 788.541 27.66 0.0310767 -0.0220061 -0.0307204 0.998802 0 1.5
3744.42 788.514 27.68 0.0311821 -0.0236047 -0.0314498 0.99874 0 1.5
3745.14 788.485 27.7 0.0296462 -0.0244607 -0.0325035 0.998732 0 1.5
3745.85 788.455 27.71 0.0315484 -0.0264871 -0.0337848 0.99858 0 1.5
3746.56 788.417 27.74 0.0318989 -0.0278534 -0.0351232 0.998485 0 1.5
3747.29 788.375 27.76 0.032853 -0.0294957 -0.0361718 0.99837 0 1.5
3748.01 788.33 27.79 0.0326737 -0.0307607 -0.0376128 0.998284 0 1.5
3748.72 788.291 27.83 0.0332719 -0.0320587 -0.0391157 0.998166 0 1.5
3749.44 788.25 27.87 0.0320394 -0.0330312 -0.040948 0.998101 0 1.5
3750.15 788.208 27.91 0.0307957 -0.0341735 -0.0427764 0.998025 0 1.5
3750.89 788.155 27.95 0.0297456 -0.0346302 -0.0448851 0.997949 0 1.5
3751.61 788.1 28 0.029566 -0.0354565 -0.0464299 0.997854 0 1.5
3752.34 788.046 28.04 0.030282 -0.0357173 -0.0480506 0.997747 0 1.5
3753.05 787.989 28.1 0.030409 -0.0355994 -0.0496174 0.99767 0 1.5
3753.79 787.928 28.16 0.0300111 -0.035624 -0.0510228 0.997611 0 1.5
3754.5 787.871 28.21 0.0300626 -0.0354093 -0.0524214 0.997544 0 1.5
3755.22 787.809 28.27 0.029665 -0.0354325 -0.0538266 0.99748 10 1.5
3755.95 787.745 28.31 0.029976 -0.0354827 -0.0548587 0.997413 0 1.5
3756.68 787.676 28.37 0.0300049 -0.0360332 -0.0556212 0.99735 0 1.5
3757.39 787.609 28.41 0.0294448 -0.0364495 -0.0559736 0.997332 0 1.5
3758.1 787.539 28.46 0.0295713 -0.0373269 -0.0558509 0.997303 0 1.5
3758.8 787.466 28.5 0.0285783 -0.038049 -0.0556 0.997319 0 1.5
3759.52 787.399 28.55 0.0278384 -0.0388755 -0.0554245 0.997317 0 1.5
3760.24 787.329 28.59 0.0270922 -0.039874 -0.0551576 0.997313 0 1.5
3760.95 787.26 28.63 0.0257572 -0.0404912 -0.0549277 0.997336 0 1.5
3761.68 787.19 28.68 0.0251911 -0.0414131 -0.0546593 0.997328 0 1.5
3762.42 787.116 28.73 0.0240543 -0.0416907 -0.0543482 0.997361 0 1.5
3763.14 787.047 28.78 0.0240383 -0.0420368 -0.0542512 0.997352 0 1.5
3763.86 786.975 28.84 0.0218684 -0.0419996 -0.0540793 0.997413 0 1.5
3764.59 786.909 28.9 0.0235304 -0.0432335 -0.0543222 0.99731 0 1.5
3765.31 786.841 28.95 0.0228928 -0.0436374 -0.0544236 0.997301 0 1.5
3766.03 786.774 29 0.0218921 -0.0442832 -0.0545338 0.997289 0 1.5
3766.77 786.706 29.06 0.0242078 -0.045662 -0.0555211 0.997119 0 1.5
3767.48 786.637 29.12 0.0203783 -0.0451945 -0.0560508 0.997196 0 1.5
3768.21 786.568 29.18 0.0162927 -0.0446219 -0.0565912 0.997267 0 1.5
3768.94 786.5 29.23 0.0168149 -0.0452846 -0.0576818 0.997166 0 1.5
3769.65 786.424 29.3 0.0151034 -0.0440659 -0.0586539 0.997191 0 1.5
3770.36 786.355 29.37 0.0167629 -0.0429713 -0.0601738 0.997122 0 1.5
3771.08 786.282 29.43 0.0237675 -0.0440596 -0.061935 0.996824 0 1.5
3771.81 786.202 29.5 0.0248173 -0.0418053 -0.0633552 0.996806 0 1.5
3772.55 786.124 29.58 0.0260783 -0.0403558 -0.0648318 0.996739 0 1.5
3773.27 786.049 29.64 0.027549 -0.0392149 -0.0672499 0.996585 0 1.5
3773.99 785.965 29.7 0.0275244 -0.0375131 -0.0688755 0.99654 0 1.5
3774.71 785.886 29.76 0.0260726 -0.036072 -0.0709745 0.996485 0 1.5
3775.44 785.794 29.81 0.0237362 -0.0350704 -0.0725626 0.996464 0 1.5
3776.17 785.696 29.88 0.0262693 -0.0334516 -0.0736639 0.996376 0 1.5
3776.88 785.599 29.94 0.0285732 -0.0313893 -0.0749699 0.996282 0 1.5
3777.6 785.498 30 0.0308092 -0.0302077 -0.0764282 0.996141 0 1.5
3778.34 785.397 30.05 0.0344214 -0.0291626 -0.0784595 0.995896 0 1.5
3779.05 785.3 30.1 0.0382303 -0.0287084 -0.0813381 0.995539 0 1.5
3779.75 785.199 30.14 0.0383388 -0.0286561 -0.0841203 0.995305 0 1.5
3780.47 785.09 30.18 0.0399539 -0.0293522 -0.0869164 0.994981 0 1.5
3781.2 784.976 30.22 0.0398521 -0.0286817 -0.0899057 0.994739 10 1.5
3781.9 784.866 30.25 0.0432893 -0.0284524 -0.0933097 0.994289 0 1.5
3782.63 784.738 30.28 0.0434273 -0.0280809 -0.0963663 0.994002 0 1.5
3783.33 784.608 30.31 0.0448293 -0.0282664 -0.0991908 0.993656 0 1.5
3784.05 784.467 30.34 0.0463856 -0.0286512 -0.102 0.993289 0 1.5
3784.74 784.326 30.37 0.0479075 -0.0285903 -0.104573 0.992951 0 1.5
3785.45 784.18 30.4 0.0476784 -0.0285237 -0.107187 0.992685 0 1.5
3786.16 784.029 30.44 0.0468206 -0.0278517 -0.109673 0.992474 0 1.5
3786.88 783.875 30.47 0.0480478 -0.028762 -0.112719 0.992048 0 1.5
3787.61 783.716 30.52 0.0524528 -0.0272499 -0.115922 0.991498 0 1.5
3788.31 783.552 30.54 0.0477579 -0.0282278 -0.116658 0.991621 0 1.5
3789.02 783.389 30.56 0.0565592 -0.0303896 -0.119019 0.990814 0 1.5
3789.72 783.223 30.59 0.053851 -0.0294802 -0.119658 0.990915 0 1.5
3790.43 783.057 30.63 0.0589456 -0.030484 -0.121473 0.990374 0 1.5
3791.13 782.89 30.66 0.0596495 -0.0301546 -0.123214 0.990127 0 1.5
3791.84 782.716 30.69 0.0547427 -0.0299407 -0.124117 0.990304 0 1.5
3792.53 782.544 30.74 0.058235 -0.0298505 -0.125433 0.989941 0 1.5
3793.22 782.375 30.76 0.0553265 -0.0309847 -0.127069 0.989865 0 1.5
3793.93 782.188 30.8 0.0562006 -0.0303172 -0.127267 0.989811 0 1.5
3794.63 782.013 30.82 0.0534704 -0.0321441 -0.128424 0.989755 0 1.5
3795.32 781.828 30.86 0.0541591 -0.0321036 -0.12919 0.989619 0 1.5
3796.02 781.643 30.88 0.0553901 -0.0338973 -0.129908 0.989397 0 1.5
3796.71 781.459 30.91 0.0552558 -0.0347892 -0.130371 0.989313 0 1.5
3797.39 781.278 30.95 0.050417 -0.0340187 -0.131327 0.989472 0 1.5
3798.08 781.093 30.98 0.0525005 -0.0339355 -0.132663 0.989188 0 1.5
3798.77 780.913 31.01 0.0462143 -0.0327186 -0.134195 0.989336 0 1.5
3799.48 780.718 31.05 0.0463363 -0.0316452 -0.135291 0.989216 0 1.5
3800.18 780.531 31.09 0.0459524 -0.0297321 -0.136878 0.989075 0 1.5
3800.87 780.338 31.13 0.0437973 -0.0267562 -0.138123 0.989084 0 1.5
3801.56 780.148 31.19 0.0426956 -0.0232182 -0.139363 0.989048 0 1.5
3802.24 779.96 31.23 0.0427782 -0.0205887 -0.141395 0.988814 0 1.5
3802.93 779.766 31.27 0.0417305 -0.0173419 -0.143207 0.98866 0 1.5
3803.64 779.566 31.31 0.0405437 -0.015674 -0.14537 0.988422 0 1.5
3804.32 779.376 31.34 0.0387069 -0.0136562 -0.147979 0.988138 0 1.5
3805.03 779.174 31.36 0.038581 -0.0120538 -0.150293 0.987815 0 1.5
3805.72 778.97 31.39 0.0402485 -0.0114437 -0.152813 0.987369 0 1.5
3806.41 778.767 31.4 0.0395921 -0.0105173 -0.154236 0.987184 0 1.5
3807.09 778.56 31.41 0.0404389 -0.00960894 -0.154703 0.987086 0 1.5
3807.77 778.355 31.42 0.0392037 -0.00791844 -0.154862 0.987126 0 1.5
3808.47 778.141 31.43 0.0398878 -0.0074962 -0.154879 0.987099 0 1.5
3809.17 777.921 31.44 0.0389292 -0.00572921 -0.15426 0.987247 0 1.5
3809.86 777.706 31.44 0.0380186 -0.00477566 -0.153864 0.987349 0 1.5
3810.56 777.492 31.44 0.037677 -0.00356508 -0.15365 0.9874 0 1.5
3811.25 777.271 31.45 0.0405775 -0.00421452 -0.154149 0.987205 0 1.5
3811.93 777.052 31.45 0.0392445 -0.00427463 -0.15423 0.987246 0 1.5
3812.63 776.833 31.45 0.0416785 -0.00452646 -0.155346 0.98697 0 1.5
3813.32 776.617 31.44 0.0415252 -0.00550652 -0.156082 0.986855 0 1.5
3814.01 776.427 31.43 0.0425538 -0.00626342 -0.157517 0.986579 0 1.5
3814.69 776.224 31.42 0.0398574 -0.00656073 -0.158022 0.986609 0 1.5
3815.39 776.01 31.42 0.0392628 -0.00695989 -0.1593 0.986425 0 1.5
3816.07 775.8 31.41 0.0398146 -0.00736409 -0.16049 0.986207 0 1.5
3816.76 775.578 31.42 0.0407382 -0.00657548 -0.161298 0.986043 0 1.5
3817.44 775.357 31.41 0.0399739 -0.00638716 -0.161909 0.985975 0 1.5
3818.11 775.134 31.42 0.0407853 -0.0057543 -0.162624 0.985828 0 1.5
3818.82 774.908 31.42 0.0414087 -0.00520181 -0.163854 0.985601 0 1.5
3819.51 774.685 31.42 0.0416487 -0.00482943 -0.164559 0.985476 0 1.5
3820.21 774.455 31.43 0.0407118 -0.00410836 -0.165878 0.985297 0 1.5
3820.89 774.232 31.43 0.0403778 -0.00401028 -0.167001 0.985121 0 1.5
3821.57 774.01 31.44 0.0408411 -0.00443761 -0.168965 0.984766 0 1.5
3822.24 773.787 31.43 0.0415049 -0.0047212 -0.170849 0.984411 0 1.5
3822.92 773.556 31.44 0.0408893 -0.00474174 -0.173857 0.98391 0 1.5
3823.61 773.319 31.43 0.0420336 -0.00534603 -0.178993 0.982937 0 1.5
3824.28 773.079 31.42 0.0411614 -0.0058217 -0.185499 0.981765 0 1.5
3824.96 772.829 31.4 0.0413885 -0.00610622 -0.19312 0.980283 0 1.5
3825.63 772.567 31.39 0.0409682 -0.0065215 -0.202605 0.978381 0 1.5
3826.28 772.298 31.39 0.0407042 -0.00662826 -0.214644 0.975821 0 1.5
3826.94 772.015 31.4 0.0398244 -0.00670731 -0.227415 0.97296 0 1.5
3827.59 771.713 31.4 0.0396922 -0.00775684 -0.24011 0.969903 0 1.5
3828.23 771.393 31.4 0.0393781 -0.00838316 -0.252358 0.966796 0 1.5
3828.85 771.058 31.39 0.0404954 -0.0096847 -0.264877 0.963383 0 1.5
3829.47 770.709 31.38 0.0397996 -0.00997457 -0.27781 0.959759 0 1.5
3830.08 770.346 31.37 0.0398805 -0.0115888 -0.290889 0.955855 0 1.5
3830.68 769.962 31.35 0.0389156 -0.0126401 -0.304602 0.9516 0 1.5
3831.27 769.563 31.34 0.0394389 -0.0140935 -0.320469 0.946333 0 1.5
3831.84 769.144 31.34 0.0388664 -0.0146376 -0.33834 0.940107 0 1.5
3832.41 768.706 31.34 0.0389138 -0.0152334 -0.35837 0.932644 0 1.5
3832.96 768.246 31.35 0.0375733 -0.016214 -0.38016 0.924015 0 1.5
3833.49 767.762 31.35 0.0360255 -0.0166856 -0.40392 0.913933 0 1.5
3833.99 767.248 31.34 0.0340541 -0.0175774 -0.427708 0.903104 0 1.5
3834.45 766.711 31.34 0.0334264 -0.0187711 -0.451112 0.891644 0 1.5
3834.89 766.149 31.34 0.0330342 -0.0201716 -0.473815 0.879773 0 1.5
3835.31 765.569 31.34 0.0329811 -0.0214085 -0.496667 0.86705 0 1.5
3835.69 764.973 31.34 0.0313704 -0.022461 -0.51941 0.853654 0 1.5
3836.05 764.352 31.34 0.0308774 -0.0237426 -0.543172 0.838717 0 1.5
3836.36 763.712 31.36 0.0299527 -0.0241917 -0.566036 0.823481 0 1.5
3836.64 763.056 31.37 0.0291656 -0.0247133 -0.588539 0.807565 0 1.5
3836.9 762.382 31.38 0.02863 -0.025024 -0.609702 0.791718 0 1.5
3837.11 761.697 31.4 0.0279741 -0.0257551 -0.629947 0.775707 0 1.5
3837.29 761.005 31.4 0.0263019 -0.0254975 -0.647951 0.7608 0 1.5
3837.43 760.303 31.37 0.0257216 -0.0266116 -0.664046 0.746775 0 1.5
3837.53 759.601 31.36 0.025327 -0.0272255 -0.678447 0.733707 0 1.5
3837.61 758.898 31.36 0.025405 -0.0282151 -0.691379 0.721494 0 1.5
3837.69 758.195 31.36 0.0250783 -0.0288609 -0.70274 0.710418 0 1.5
3837.76 757.485 31.38 0.0247784 -0.0290942 -0.714552 0.698538 0 1.5
3837.75 756.773 31.4 0.0247701 -0.0297759 -0.724763 0.687909 0 1.5
3837.72 756.063 31.38 0.0237887 -0.029351 -0.730824 0.68152 0 1.5
