43.1486 -48.0099 13.98 0.00105137 0.00626845 -0.80863 0.588284 3 2
43.3256 -47.5525 13.9842 0.000697119 0.00631766 -0.840439 0.541869 3 2
43.4741 -47.2554 13.9867 0.000455992 0.00633963 -0.860467 0.509466 3 2
43.7863 -46.6861 13.9914 0.000455992 0.00633963 -0.860467 0.509466 3 2
44.0223 -46.2559 13.995 0.000455992 0.00633963 -0.860467 0.509466 3 2
44.2583 -45.8256 13.9985 0.000455992 0.00633963 -0.860467 0.509466 3 2
44.4943 -45.3954 14.0021 0.000455992 0.00633963 -0.860467 0.509466 3 2
44.7303 -44.9651 14.0057 0.000455992 0.00633963 -0.860467 0.509466 3 2
44.9662 -44.5349 14.0092 0.000455992 0.00633963 -0.860467 0.509466 3 2
45.2022 -44.1046 14.0128 0.000455992 0.00633963 -0.860467 0.509466 3 2
45.4382 -43.6744 14.0163 0.000455992 0.00633963 -0.860467 0.509466 3 2
45.6742 -43.2441 14.0199 0.000455992 0.00633963 -0.860467 0.509466 3 2
45.9102 -42.8138 14.0234 0.000455992 0.00633963 -0.860467 0.509466 3 2
46.1462 -42.3836 14.027 0.000455992 0.00633963 -0.860467 0.509466 3 2
46.3822 -41.9533 14.0305 0.000455992 0.00633963 -0.860467 0.509466 3 2
46.6182 -41.5231 14.0341 0.000455992 0.00633963 -0.860467 0.509466 3 2
46.8542 -41.0928 14.0377 0.000455992 0.00633963 -0.860467 0.509466 3 2
47.0902 -40.6626 14.0412 0.000455992 0.00633963 -0.860467 0.509466 3 2
47.3262 -40.2323 14.0448 0.000455992 0.00633963 -0.860467 0.509466 3 2
47.5621 -39.802 14.0483 0.000455992 0.00633963 -0.860467 0.509466 3 2
47.7981 -39.3718 14.0519 0.000455992 0.00633963 -0.860467 0.509466 3 2
48.0341 -38.9415 14.0554 0.000455992 0.00633963 -0.860467 0.509466 3 2
48.2701 -38.5113 14.059 0.000455992 0.00633963 -0.860467 0.509466 3 2
48.5061 -38.081 14.0625 0.000455992 0.00633963 -0.860467 0.509466 3 2
48.7421 -37.6508 14.0661 0.000455992 0.00633963 -0.860467 0.509466 3 2
48.9781 -37.2205 14.0697 0.000455992 0.00633963 -0.860467 0.509466 3 2
49.2141 -36.7902 14.0732 0.000455992 0.00633963 -0.860467 0.509466 3 2
49.4501 -36.36 14.0768 0.000455992 0.00633963 -0.860467 0.509466 3 2
49.6861 -35.9297 14.0803 0.000455992 0.00633963 -0.860467 0.509466 3 2
49.9221 -35.4995 14.0839 0.000455992 0.00633963 -0.860467 0.509466 3 2
50.158 -35.0692 14.0874 0.000455992 0.00633963 -0.860467 0.509466 3 2
50.394 -34.639 14.091 0.000455992 0.00633963 -0.860467 0.509466 3 2
50.63 -34.2087 14.0945 0.000455992 0.00633963 -0.860467 0.509466 3 2
50.866 -33.7785 14.0981 0.000455992 0.00633963 -0.860467 0.509466 3 2
51.102 -33.3482 14.1016 0.000455992 0.00633963 -0.860467 0.509466 3 2
51.338 -32.9179 14.1052 0.000455992 0.00633963 -0.860467 0.509466 3 2
51.574 -32.4877 14.1088 0.000455992 0.00633963 -0.860467 0.509466 3 2
51.81 -32.0574 14.1123 0.000455992 0.00633963 -0.860467 0.509466 3 2
52.046 -31.6272 14.1159 0.000455992 0.00633963 -0.860467 0.509466 3 2
52.282 -31.1969 14.1194 0.000455992 0.00633963 -0.860467 0.509466 3 0
52.518 -30.7667 14.123 0.000455992 0.00633963 -0.860467 0.509466 3 0
52.7539 -30.3364 14.1265 0.000455992 0.00633963 -0.860467 0.509466 3 0
52.9899 -29.9061 14.1301 0.000455992 0.00633963 -0.860467 0.509466 3 0
53.2259 -29.4759 14.1336 0.000455992 0.00633963 -0.860467 0.509466 3 0
53.4619 -29.0456 14.1372 0.000455992 0.00633963 -0.860467 0.509466 3 0
53.6979 -28.6154 14.1408 0.000455992 0.00633963 -0.860467 0.509466 3 0
53.9339 -28.1851 14.1443 0.000455992 0.00633963 -0.860467 0.509466 3 0
54.1699 -27.7549 14.1479 0.000455992 0.00633963 -0.860467 0.509466 3 0
54.4059 -27.3246 14.1514 0.000455992 0.00633963 -0.860467 0.509466 3 0
54.6419 -26.8943 14.155 0.000455992 0.00633963 -0.860467 0.509466 3 0
54.7042 -26.7807 14.1559 0.000455992 0.00633963 -0.860467 0.509466 3 0
55.0385 -25.9987 14.1629 0.00107211 0.00626493 -0.806678 0.590957 3 0
